# Humidity: 6.23%
# Count: 86
#
0.796906
0.797565
0.798785
0.800179
0.800297
0.800866
0.794137
0.784192
0.778315
0.775719
0.773859
0.754947
0.745738
0.744193
0.751226
0.760021
0.777654
0.791779
0.792604
0.793554
0.794692
0.785265
0.766727
0.755151
0.755705
0.762010
0.800573
0.801006
0.790944
0.777371
0.771570
0.773506
0.781008
0.789560
0.806017
0.825571
0.846127
0.841315
0.818942
0.799049
0.787040
0.779135
0.777641
0.776091
0.772807
0.770203
0.769389
0.770784
0.773342
0.776140
0.779100
0.785362
0.787536
0.788600
0.789260
0.789982
0.791354
0.791887
0.792532
0.793376
0.794378
0.796097
0.796930
0.797013
0.796272
0.795797
0.796910
0.797354
0.797772
0.797796
0.797789
0.797364
0.796998
0.796519
0.795712
0.795140
0.794974
0.795562
0.795771
0.795699
0.795617
0.795689
0.795983
0.796476
0.796603
0.796229
