# Humidity: 6.23%
# Count: 87
#
0.799576
0.800713
0.806753
0.813068
0.821222
0.832433
0.848254
0.882970
0.879510
0.875418
0.872991
0.870173
0.855776
0.848011
0.841657
0.836213
0.823959
0.811804
0.834455
0.864233
0.872849
0.852142
0.822843
0.822331
0.832455
0.839749
0.841319
0.836248
0.838731
0.837596
0.838398
0.820174
0.803293
0.813136
0.826516
0.837220
0.848328
0.883202
0.883802
0.880336
0.874402
0.867534
0.862033
0.860912
0.857513
0.853892
0.851041
0.844504
0.839348
0.833343
0.826147
0.819267
0.804964
0.799157
0.794680
0.792654
0.790940
0.788550
0.788450
0.788219
0.787552
0.786647
0.785120
0.784307
0.783927
0.783941
0.784404
0.784914
0.785018
0.785046
0.785224
0.785468
0.786355
0.787060
0.788111
0.789572
0.790860
0.792491
0.792325
0.791890
0.791323
0.790786
0.790510
0.790957
0.791847
0.793014
0.794445
