# Humidity: z%
# Count: 85
#
0.243039
0.243093
0.242969
0.243434
0.243657
0.244613
0.247059
0.248767
0.251436
0.254180
0.257461
0.261129
0.260121
0.258061
0.255028
0.252026
0.246534
0.245202
0.245977
0.248330
0.252997
0.263524
0.263503
0.259339
0.253382
0.248230
0.241981
0.242528
0.246298
0.251673
0.258159
0.262699
0.257774
0.252195
0.247423
0.244970
0.244885
0.246513
0.249388
0.252200
0.255353
0.260403
0.261862
0.263284
0.263758
0.264399
0.263794
0.262559
0.261529
0.259547
0.258100
0.254954
0.253478
0.252721
0.251691
0.251313
0.250328
0.249546
0.249167
0.248225
0.247681
0.246236
0.245402
0.245198
0.244700
0.244823
0.244829
0.244576
0.244795
0.244446
0.244511
0.243940
0.243369
0.243378
0.242959
0.243100
0.243128
0.242936
0.243279
0.243114
0.243389
0.243249
0.242834
0.242936
0.242614
