# Humidity: 6.23%
# Measurement Light Statistics:
# Min: 0.795381 V
# Max: 0.896521 V
# Mean: 0.839028 V
# Std: 0.017989 V
# Data Count: 86
# Valid Data Count: 86 (after filtering invalid values)
# 
0.852074
0.855302
0.858595
0.861891
0.871777
0.879078
0.890541
0.896195
0.896521
0.887339
0.872167
0.853866
0.853043
0.853837
0.850696
0.847671
0.836336
0.836405
0.835538
0.844352
0.850057
0.825452
0.828004
0.847426
0.846509
0.827904
0.795381
0.802568
0.833059
0.852144
0.835908
0.825054
0.824330
0.813452
0.809149
0.817880
0.835836
0.832793
0.835712
0.842986
0.842677
0.831524
0.829901
0.830416
0.832141
0.833268
0.836805
0.838572
0.838886
0.839199
0.838159
0.833359
0.831008
0.828498
0.826960
0.825430
0.823910
0.823620
0.823280
0.823633
0.823618
0.824422
0.825160
0.826038
0.828121
0.829570
0.831821
0.832175
0.831880
0.831852
0.831362
0.831599
0.832812
0.834103
0.836514
0.838608
0.842643
0.843662
0.843764
0.843635
0.842612
0.840727
0.840361
0.839983
0.840954
0.842365
