# Humidity: z%
# Count: 85
#
0.251240
0.251929
0.252460
0.253795
0.254906
0.256815
0.260376
0.261234
0.261608
0.260388
0.258743
0.253446
0.250082
0.247499
0.245345
0.244759
0.248057
0.251909
0.257343
0.262195
0.264309
0.255712
0.249946
0.245478
0.242141
0.241762
0.248425
0.254008
0.259897
0.262469
0.260758
0.248960
0.244980
0.244357
0.245700
0.249280
0.257557
0.260995
0.263741
0.264262
0.263717
0.259394
0.256822
0.255076
0.252984
0.251687
0.248950
0.247368
0.246447
0.245096
0.244470
0.243274
0.242698
0.242831
0.242490
0.242729
0.242815
0.242608
0.243032
0.242966
0.243501
0.244308
0.244478
0.245168
0.245187
0.245621
0.245678
0.245359
0.245645
0.245484
0.245985
0.246796
0.247018
0.247803
0.247997
0.248567
0.248670
0.248217
0.248292
0.247859
0.248082
0.248407
0.248444
0.249133
0.249291
