# Humidity: 6.23%
# Count: 86
#
0.879059
0.879696
0.879706
0.879994
0.880099
0.879741
0.865590
0.852938
0.844705
0.840467
0.840892
0.841562
0.841499
0.841280
0.841196
0.842319
0.846536
0.851768
0.857873
0.867213
0.890777
0.894878
0.886036
0.875417
0.865123
0.859662
0.871639
0.889151
0.888332
0.881843
0.879936
0.873211
0.869476
0.877261
0.892129
0.899463
0.882316
0.873365
0.865582
0.865318
0.872777
0.880876
0.878465
0.873645
0.868956
0.865973
0.858705
0.853403
0.848773
0.844504
0.841714
0.838515
0.837887
0.839185
0.840347
0.842146
0.845868
0.847499
0.849863
0.851860
0.854135
0.858313
0.860211
0.862697
0.864449
0.865914
0.867687
0.867927
0.868373
0.867807
0.879945
0.885716
0.885905
0.887290
0.888859
0.891212
0.894118
0.894345
0.894515
0.893532
0.892940
0.891162
0.890453
0.890802
0.891403
0.892877
