# Humidity: 6.23%
# Count: 86
#
0.845919
0.845382
0.844758
0.843286
0.842146
0.842573
0.846624
0.851514
0.859648
0.870935
0.883850
0.888237
0.879541
0.869389
0.867639
0.871947
0.857101
0.843362
0.848866
0.859366
0.861545
0.865960
0.861669
0.854771
0.850532
0.845447
0.847836
0.863186
0.878458
0.892245
0.889939
0.888237
0.894053
0.892567
0.871019
0.852574
0.884373
0.909879
0.928102
0.934523
0.936359
0.921698
0.910368
0.901444
0.898076
0.898006
0.900244
0.900317
0.900405
0.901020
0.903130
0.909724
0.911882
0.913639
0.914126
0.914352
0.912842
0.911439
0.910219
0.908331
0.905947
0.897502
0.891013
0.884026
0.877295
0.872438
0.866561
0.865309
0.865628
0.865855
0.866643
0.865821
0.863908
0.861557
0.858658
0.856065
0.851855
0.850578
0.850676
0.851118
0.852177
0.854057
0.854137
0.853956
0.852868
0.851672
