# Humidity: z%
# Count: 85
#
0.262174
0.262905
0.263338
0.264051
0.264045
0.264074
0.260517
0.257260
0.254266
0.250704
0.247893
0.243045
0.241532
0.241568
0.242670
0.245497
0.253658
0.257064
0.259475
0.259658
0.257452
0.248634
0.245496
0.245241
0.247552
0.252689
0.263443
0.264007
0.259774
0.252862
0.247378
0.242879
0.244799
0.249015
0.253871
0.258976
0.264207
0.262752
0.260451
0.257325
0.254637
0.249943
0.247949
0.246770
0.245605
0.245037
0.244102
0.243614
0.243728
0.243653
0.244178
0.245299
0.245711
0.246394
0.246644
0.247188
0.248042
0.248413
0.249242
0.249928
0.251017
0.252873
0.253519
0.254313
0.254562
0.254932
0.255001
0.254802
0.255026
0.255107
0.255668
0.256990
0.257551
0.258365
0.258789
0.259296
0.259327
0.258921
0.258771
0.258413
0.258499
0.259014
0.259344
0.259998
0.260337
