# Humidity: 6.23%
# Count: 86
#
0.801403
0.800435
0.800656
0.800754
0.799792
0.799579
0.803285
0.805947
0.808389
0.812010
0.817843
0.814523
0.813682
0.819022
0.822769
0.819990
0.805787
0.796021
0.794448
0.804899
0.821574
0.831797
0.825100
0.814394
0.816860
0.822306
0.825064
0.815265
0.838874
0.862432
0.867205
0.823422
0.811886
0.811801
0.819729
0.822721
0.814697
0.816857
0.815768
0.808996
0.803564
0.803009
0.805033
0.805309
0.805652
0.807952
0.814312
0.817333
0.820355
0.823536
0.827795
0.833452
0.835678
0.837593
0.838551
0.839247
0.838250
0.836758
0.835893
0.835116
0.834505
0.831544
0.828006
0.824151
0.820284
0.816936
0.814728
0.814930
0.815435
0.815489
0.815512
0.813958
0.812721
0.811658
0.810234
0.808415
0.805163
0.804608
0.804941
0.805134
0.805701
0.806713
0.806781
0.806748
0.806233
0.805362
