# Humidity: 6.23%
# Count: 86
#
0.855552
0.852521
0.848130
0.840821
0.828712
0.815457
0.789775
0.781335
0.779360
0.780266
0.786588
0.816188
0.839431
0.860587
0.871860
0.871149
0.849283
0.839836
0.827628
0.814330
0.808979
0.801844
0.818406
0.853513
0.873125
0.874110
0.860980
0.843009
0.818183
0.801475
0.800179
0.845279
0.862555
0.874114
0.885620
0.905033
0.857815
0.816817
0.798818
0.791479
0.790290
0.799080
0.806335
0.814368
0.822520
0.831704
0.845596
0.848978
0.851312
0.852921
0.854390
0.854814
0.854114
0.853574
0.852687
0.852494
0.853011
0.853768
0.855221
0.855985
0.856545
0.855042
0.854220
0.854194
0.854193
0.854786
0.856092
0.856198
0.856738
0.856676
0.857343
0.858207
0.858216
0.858524
0.858447
0.858946
0.860101
0.860503
0.860732
0.860359
0.860688
0.860691
0.860536
0.861061
0.861117
0.861284
