# Humidity: 6.23%
# Count: 86
#
0.852620
0.855875
0.857756
0.857827
0.858277
0.859056
0.862470
0.856044
0.839648
0.820640
0.803383
0.768218
0.761740
0.766616
0.777683
0.787201
0.839082
0.880605
0.906053
0.910237
0.886513
0.840716
0.809985
0.790476
0.798760
0.804362
0.867933
0.918797
0.921567
0.845069
0.793856
0.764373
0.783620
0.800487
0.811482
0.838673
0.878037
0.874316
0.861219
0.841781
0.822703
0.790782
0.778201
0.769722
0.764610
0.761485
0.758385
0.757790
0.758361
0.760914
0.765563
0.779150
0.785619
0.790307
0.793281
0.794985
0.797059
0.798391
0.799957
0.801842
0.804014
0.809149
0.812222
0.816245
0.820750
0.824918
0.830608
0.831542
0.831316
0.831024
0.830968
0.833998
0.836404
0.838861
0.840944
0.842409
0.844471
0.845452
0.846373
0.846934
0.846666
0.845878
0.845800
0.846446
0.847357
0.848084
