# Humidity: z%
# Count: 84
#
0.248110
0.247430
0.246917
0.245739
0.244919
0.243673
0.241991
0.241916
0.242158
0.243501
0.245130
0.251237
0.254957
0.257727
0.259976
0.260282
0.255134
0.251075
0.247113
0.245289
0.245453
0.253460
0.259423
0.263773
0.265076
0.260927
0.248025
0.244255
0.242744
0.244983
0.249622
0.262379
0.265243
0.263091
0.258749
0.253507
0.246552
0.245088
0.244287
0.244771
0.245514
0.248329
0.250094
0.251453
0.253315
0.254831
0.258009
0.259779
0.261179
0.262748
0.263663
0.264778
0.264842
0.264328
0.264169
0.263723
0.263236
0.262935
0.262034
0.261297
0.260116
0.257794
0.257008
0.256165
0.255936
0.255625
0.255751
0.255916
0.255587
0.255365
0.254578
0.252899
0.252211
0.251344
0.251026
0.250619
0.250840
0.251281
0.251402
0.251721
0.251511
0.250759
0.250307
0.249604
