# Humidity: z%
# Count: 85
#
0.258550
0.258001
0.257030
0.256015
0.254249
0.252464
0.248333
0.246161
0.244478
0.242913
0.242062
0.242557
0.244172
0.247172
0.250741
0.254824
0.259895
0.259885
0.257934
0.253579
0.249264
0.245136
0.246658
0.250983
0.256689
0.262308
0.262768
0.256237
0.249893
0.245096
0.242942
0.247831
0.253528
0.259714
0.264046
0.264828
0.257738
0.253459
0.250116
0.247367
0.245752
0.244279
0.244104
0.244457
0.244857
0.245692
0.247634
0.248692
0.250077
0.251487
0.253270
0.256447
0.257660
0.258879
0.259586
0.260250
0.261117
0.261510
0.262288
0.262904
0.263699
0.264485
0.264404
0.264505
0.264299
0.264304
0.264384
0.264326
0.264477
0.264337
0.264279
0.263582
0.262982
0.262513
0.261817
0.261443
0.261239
0.261376
0.261773
0.261962
0.262197
0.261877
0.261262
0.260680
0.259892
