# Humidity: z%
# Count: 85
#
0.262278
0.262904
0.263636
0.264434
0.265731
0.267245
0.271950
0.275416
0.279298
0.283846
0.288039
0.292145
0.290813
0.287610
0.284027
0.280466
0.276610
0.277260
0.279421
0.282946
0.285831
0.284879
0.279647
0.272551
0.267123
0.263596
0.264176
0.268126
0.273990
0.280602
0.285297
0.286060
0.282149
0.277969
0.275589
0.275256
0.279657
0.283232
0.286551
0.289133
0.290350
0.288713
0.286959
0.284765
0.282635
0.280400
0.276609
0.274711
0.272557
0.270748
0.268818
0.266043
0.265120
0.264217
0.263801
0.263317
0.262810
0.262619
0.262106
0.261837
0.261282
0.260582
0.260514
0.260286
0.260360
0.260227
0.260295
0.260449
0.260352
0.260494
0.260360
0.260337
0.260485
0.260413
0.260667
0.260618
0.260688
0.260764
0.260582
0.260704
0.260576
0.260707
0.260947
0.260956
0.261261
