# Humidity: 6.23%
# Count: 85
#
1.602049
1.604191
1.607958
1.611848
1.616079
1.622868
1.648573
1.662893
1.668228
1.647654
1.633641
1.627574
1.608353
1.595719
1.594301
1.598498
1.610886
1.624026
1.627160
1.613353
1.594440
1.601674
1.615995
1.630284
1.635143
1.619315
1.602265
1.613044
1.608835
1.585152
1.573921
1.614297
1.632660
1.631649
1.615408
1.598472
1.584465
1.582979
1.584250
1.583829
1.580425
1.576973
1.576262
1.574207
1.571796
1.568607
1.563299
1.560477
1.557896
1.557156
1.557510
1.559734
1.562082
1.564957
1.567899
1.570196
1.574743
1.577115
1.579118
1.581708
1.584012
1.590433
1.593710
1.595868
1.597467
1.598016
1.597877
1.598199
1.598193
1.598921
1.599466
1.601256
1.602066
1.602168
1.602463
1.602184
1.602516
1.602831
1.602711
1.603181
1.603074
1.603354
1.603641
1.603506
1.603596
