# Humidity: 6.23%
# Count: 86
#
1.561939
1.563554
1.566437
1.567123
1.566928
1.565201
1.565244
1.568967
1.577148
1.585039
1.589321
1.591336
1.583313
1.573739
1.564973
1.561544
1.542947
1.529225
1.518333
1.514120
1.520371
1.541584
1.542409
1.532029
1.533425
1.549630
1.553101
1.547514
1.541311
1.541860
1.554668
1.579722
1.579858
1.582349
1.594010
1.607073
1.603129
1.594466
1.587085
1.582168
1.584024
1.598820
1.604629
1.609991
1.614942
1.620528
1.631078
1.633146
1.631522
1.626743
1.620674
1.608018
1.602185
1.596653
1.592484
1.589105
1.585709
1.585172
1.585539
1.586047
1.586061
1.583346
1.580751
1.577833
1.574977
1.572804
1.572321
1.572735
1.573011
1.573475
1.574011
1.574757
1.574404
1.573295
1.571390
1.569429
1.566628
1.566418
1.567062
1.567806
1.568678
1.569960
1.570218
1.570332
1.570000
1.568762
