# Humidity: z%
# Count: 85
#
0.268787
0.269818
0.270883
0.272420
0.274404
0.276945
0.283194
0.286712
0.289995
0.292066
0.292246
0.287501
0.284137
0.280889
0.278204
0.276947
0.279200
0.282300
0.285418
0.286917
0.286294
0.275208
0.268878
0.264641
0.262585
0.263220
0.271330
0.277766
0.283774
0.287168
0.287324
0.279254
0.275900
0.275411
0.277313
0.280924
0.288364
0.289869
0.289334
0.287015
0.284071
0.277622
0.274795
0.272442
0.270389
0.268815
0.266023
0.264660
0.263525
0.262469
0.261727
0.260790
0.260483
0.260429
0.260305
0.260368
0.260566
0.260672
0.260947
0.261112
0.261456
0.262255
0.262608
0.263051
0.263247
0.263490
0.263544
0.263433
0.263561
0.263653
0.264024
0.265018
0.265499
0.266131
0.266509
0.266869
0.266874
0.266561
0.266425
0.266190
0.266279
0.266755
0.267089
0.267702
0.268136
