# Humidity: 6.23%
# Count: 87
#
1.456810
1.456921
1.456639
1.456088
1.456706
1.460129
1.473718
1.482699
1.493266
1.501559
1.506292
1.531171
1.535264
1.534730
1.528852
1.516616
1.482972
1.479492
1.479740
1.487977
1.497649
1.505119
1.528110
1.572390
1.619515
1.628694
1.544832
1.528470
1.511838
1.519925
1.549280
1.589556
1.587637
1.557536
1.517028
1.488027
1.453348
1.451240
1.464672
1.486324
1.497206
1.503615
1.511609
1.520535
1.529169
1.536598
1.547704
1.549529
1.549565
1.548749
1.546862
1.538258
1.531089
1.523183
1.515792
1.510436
1.505339
1.503958
1.503561
1.503257
1.502819
1.500026
1.497094
1.493178
1.488239
1.483138
1.476250
1.474849
1.474884
1.475436
1.476301
1.476636
1.475260
1.473351
1.470245
1.466815
1.460502
1.459058
1.458931
1.459458
1.460362
1.462459
1.463217
1.463433
1.462788
1.461839
1.458584
