# Humidity: 6.23%
# Count: 86
#
1.529661
1.526519
1.524777
1.523276
1.523050
1.524762
1.533870
1.539764
1.544104
1.551308
1.561319
1.569962
1.573172
1.567091
1.545084
1.536283
1.527890
1.518374
1.509737
1.510276
1.503060
1.511102
1.523867
1.529273
1.520151
1.500149
1.473257
1.480116
1.499584
1.511569
1.521327
1.533698
1.531688
1.520257
1.510533
1.497301
1.487881
1.498418
1.514926
1.532115
1.548941
1.568903
1.571759
1.573270
1.574934
1.576260
1.575355
1.572333
1.568608
1.563744
1.558156
1.546673
1.541031
1.536612
1.533873
1.532729
1.532306
1.532432
1.532909
1.533112
1.533504
1.534668
1.535946
1.537427
1.537786
1.537761
1.537321
1.537205
1.537429
1.537411
1.537431
1.536972
1.536648
1.536281
1.535046
1.533680
1.531017
1.531206
1.531546
1.532132
1.533300
1.534056
1.533508
1.532802
1.531609
1.530509
