# Humidity: z%
# Count: 86
#
0.262484
0.262494
0.262126
0.261702
0.261127
0.260649
0.260356
0.260793
0.261928
0.263574
0.266081
0.273461
0.278528
0.283981
0.289028
0.291616
0.287701
0.283443
0.279571
0.276772
0.276023
0.280327
0.283829
0.285931
0.285513
0.281423
0.268304
0.264135
0.262440
0.263565
0.267112
0.279018
0.284004
0.286563
0.286729
0.284467
0.277730
0.275591
0.274956
0.275862
0.277536
0.282215
0.284400
0.286129
0.287743
0.288963
0.290264
0.290088
0.289647
0.288803
0.287269
0.283576
0.281838
0.280253
0.278962
0.277934
0.276567
0.275969
0.275263
0.274410
0.273317
0.270887
0.269715
0.268681
0.267955
0.267459
0.267260
0.267363
0.267419
0.267427
0.267207
0.266309
0.265706
0.265049
0.264483
0.263984
0.263658
0.263755
0.263906
0.264179
0.264335
0.264291
0.264033
0.263603
0.263239
0.262827
