# Humidity: z%
# Count: 84
#
0.288479
0.287970
0.287473
0.286003
0.284884
0.283122
0.279854
0.278591
0.277410
0.277799
0.278387
0.282596
0.285618
0.287663
0.287601
0.284953
0.275892
0.270790
0.265819
0.262857
0.261268
0.265220
0.270350
0.277012
0.284270
0.287854
0.283694
0.279486
0.275499
0.274426
0.275946
0.285614
0.288796
0.287726
0.283295
0.276677
0.266940
0.264194
0.262104
0.261528
0.261237
0.262575
0.263753
0.264564
0.265949
0.266960
0.269736
0.271538
0.273116
0.275337
0.276895
0.280121
0.281636
0.282397
0.283432
0.283782
0.284935
0.285830
0.286357
0.287455
0.287988
0.289410
0.290054
0.290019
0.290460
0.290321
0.290324
0.290547
0.290355
0.290728
0.290673
0.290946
0.291173
0.290810
0.290815
0.290406
0.290501
0.290860
0.290755
0.291094
0.290889
0.290629
0.290572
0.290079
