# Humidity: 6.23%
# Reference Light Statistics:
# Min: 1.495098 V
# Max: 1.601231 V
# Mean: 1.561779 V
# Std: 0.027635 V
# Data Count: 86
# Valid Data Count: 86 (after filtering invalid values)
# 
1.569464
1.573729
1.576312
1.577053
1.575909
1.574725
1.570401
1.560632
1.555136
1.554999
1.553512
1.541519
1.542320
1.541757
1.544621
1.539957
1.512636
1.508450
1.513796
1.518218
1.526614
1.549436
1.557395
1.567957
1.570822
1.560862
1.557275
1.575573
1.563140
1.534721
1.513291
1.523645
1.525519
1.508051
1.495098
1.507283
1.543485
1.556981
1.559715
1.550094
1.540579
1.531117
1.527067
1.524624
1.524492
1.526531
1.534428
1.538847
1.544015
1.548875
1.554298
1.568337
1.575690
1.582697
1.587735
1.590847
1.593899
1.595360
1.597766
1.599706
1.601231
1.600473
1.598131
1.595739
1.592716
1.590506
1.589034
1.588950
1.589358
1.589782
1.590995
1.592025
1.591057
1.589139
1.585896
1.582490
1.577408
1.576931
1.577888
1.579219
1.580795
1.583160
1.583581
1.583801
1.582799
1.580902
