# Humidity: z%
# Count: 84
#
0.284298
0.286142
0.287728
0.288718
0.290294
0.291240
0.290405
0.288588
0.286040
0.283693
0.280826
0.278066
0.278880
0.280558
0.283684
0.286458
0.285219
0.281587
0.276103
0.270776
0.265817
0.261852
0.263522
0.266826
0.272824
0.279766
0.287334
0.285143
0.281072
0.277346
0.274641
0.277761
0.282406
0.286600
0.289372
0.288992
0.281555
0.276969
0.272586
0.269646
0.266776
0.263392
0.262665
0.261746
0.261663
0.261206
0.261360
0.261903
0.262165
0.263164
0.263662
0.265282
0.266202
0.266464
0.267232
0.267446
0.268601
0.269580
0.270161
0.271430
0.272195
0.274244
0.275253
0.275521
0.276098
0.275889
0.275777
0.276114
0.276112
0.276894
0.277329
0.278986
0.279960
0.280274
0.280913
0.280777
0.280481
0.280457
0.279979
0.280224
0.280130
0.281059
0.281934
0.282238
