# Humidity: 6.23%
# Count: 87
#
1.509452
1.510238
1.513054
1.515174
1.518380
1.520906
1.527846
1.533095
1.537242
1.540231
1.541524
1.539127
1.540941
1.541320
1.533603
1.531965
1.551227
1.555646
1.561654
1.577714
1.599018
1.610372
1.604087
1.577394
1.551600
1.531129
1.516770
1.516498
1.511399
1.510697
1.506706
1.544216
1.572170
1.542164
1.522841
1.519828
1.539216
1.554488
1.564380
1.566186
1.560790
1.545930
1.541690
1.540156
1.541036
1.542090
1.541893
1.539642
1.536456
1.533276
1.529437
1.519308
1.512586
1.505342
1.499530
1.494047
1.489995
1.488072
1.486081
1.484784
1.483618
1.483056
1.483204
1.482964
1.483335
1.483996
1.487444
1.489074
1.489411
1.489843
1.489663
1.490321
1.491449
1.492331
1.494153
1.495594
1.499565
1.501336
1.502164
1.503734
1.503449
1.502963
1.501908
1.501199
1.501694
1.502322
1.505139
