# Humidity: 6.23%
# Count: 87
#
1.542784
1.544083
1.545148
1.546958
1.549468
1.552992
1.568994
1.576263
1.582761
1.590988
1.594432
1.577196
1.563955
1.554876
1.555671
1.569357
1.600911
1.599316
1.587065
1.573411
1.561330
1.564857
1.577941
1.577524
1.581623
1.597068
1.587855
1.576581
1.573624
1.572365
1.569833
1.575430
1.601637
1.612746
1.589081
1.561916
1.532691
1.536550
1.554261
1.573007
1.593517
1.625215
1.632028
1.627319
1.619763
1.613528
1.609055
1.609282
1.609414
1.609868
1.610093
1.608258
1.602943
1.594616
1.586635
1.580111
1.572556
1.570517
1.568794
1.567564
1.565745
1.560676
1.557719
1.554848
1.552748
1.550701
1.548121
1.547281
1.546913
1.547334
1.547455
1.547847
1.547702
1.547120
1.546371
1.545432
1.543899
1.543316
1.543042
1.543108
1.543175
1.544008
1.544423
1.543969
1.543526
1.542936
1.543470
