# Humidity: 6.23%
# Count: 86
#
1.560028
1.553965
1.548569
1.541409
1.531266
1.520010
1.500896
1.495124
1.492409
1.492430
1.496898
1.515344
1.536525
1.574847
1.600154
1.599496
1.583779
1.558717
1.527292
1.496603
1.476412
1.492875
1.518045
1.548517
1.556722
1.533182
1.526279
1.529889
1.521054
1.523418
1.545254
1.625814
1.648720
1.630073
1.601664
1.578630
1.568880
1.569871
1.570024
1.564003
1.555695
1.542846
1.540216
1.541449
1.546119
1.553652
1.573692
1.585418
1.598769
1.613919
1.630763
1.648748
1.643614
1.633570
1.623261
1.616094
1.608700
1.606655
1.605260
1.603316
1.601018
1.594006
1.589939
1.586778
1.584080
1.582350
1.581395
1.581391
1.582091
1.582733
1.583950
1.584586
1.582977
1.580295
1.576312
1.572369
1.566558
1.566019
1.566913
1.568168
1.569798
1.572466
1.572880
1.572889
1.571268
1.568136
